function actions = getActions()
%     actions = [40*pi/180, 30*pi/180, 20*pi/180, 10*pi/180, 0, -10*pi/180, -20*pi/180, -30*pi/180, -40*pi/180];
      actions = [45, 20,  0,  -20, -45];  
end

